EXPORTED CROSS SECTION DATA
9 66 66
x coordinate
Net Doping
Total Doping
Donor Conc
Acceptor Conc
Composition X
Potential
Electric Field
E Field X
E Field Y
Electron Conc
Electron QFL
e- Current Density
Je- X
Je- Y
e- Mobility
e- Mobility X
e- Mobility Y
Jn (drift)
Jnx (drift)
Jny (drift)
Jn (diff.)
Jnx (diff.)
Jny (diff.)
Hole Conc
Hole QFL
h+ Current Density
Jh+ X
Jh+ Y
h+ Mobility
h+ Mobility X
h+ Mobility Y
Jp (drift)
Jpx (drift)
Jpy (drift)
Jp (diff.)
Jpx (diff.)
Jpy (diff.)
Cond. Current Density
Cond Current X
Cond Current Y
Disp. Current Density
Total Current Density
Jtot X
Jtot Y
Recombination Rate
SRH Recomb Rate
Current Flowlines
J (drift)
Jx (drift)
Jy (drift)
J (diff.)
Jx (diff.)
Jy (diff.)
Impact Gen Rate
e- Ionization Coefficient
h+ Ionization Coefficient
Valence Band Energy
Conduction Band Energy
Interface Charge
Charge Conc
Ni
Nc
Nv
Eg
Electron Affinity
0.03603 0 0 0 0 0 0.523378 0 0 0 0 0 0 0 0 0 0 0 0 0 0 0 0 0 0 0 0 0 0 0 0 0 0 0 0 0 0 0 0 0 0 0 0 0 0 0 0 0 0 0 0 0 0 0 0 0 0 -0.988244 -0.0329088 0 0 0 0 0 0 0 
0.03667 0 0 0 0 0 0.523378 0 0 0 0 0 0 0 0 0 0 0 0 0 0 0 0 0 0 0 0 0 0 0 0 0 0 0 0 0 0 0 0 0 0 0 0 0 0 0 0 0 0 0 0 0 0 0 0 0 0 -0.988244 -0.0329088 0 0 0 0 0 0 0 
0.03667 20 20 20 0 0 0.523378 0 0 0 20 0 0 0 0 67.8 67.8 67.8 0 0 0 0 0 0 2.41529 0 0 0 0 51.9999 51.9999 51.9999 0 0 0 0 0 0 0 0 0 0 0 0 0 0.0106204 0.00931674 0.511639 0 0 0 0 0 0 0 0 0 -0.988244 -0.0329088 0 0 11.2076 19.4472 19.017 0.955336 4.23233 
0.08603 20 20 20 0 0 0.523378 0 0 0 20 0 0 0 0 67.8 67.8 67.8 0 0 0 0 0 0 2.41529 0 0 0 0 51.9999 51.9999 51.9999 0 0 0 0 0 0 0 0 0 0 0 0 0 0.0106204 0.00931674 0.510093 0 0 0 0 0 0 0 0 0 -0.988244 -0.0329088 0 0 11.2076 19.4472 19.017 0.955336 4.23233 
0.08667 20 20 20 0 0 0.523378 0 0 0 20 0 0 0 0 67.8 67.8 67.8 0 0 0 0 0 0 2.41529 0 0 0 0 51.9999 51.9999 51.9999 0 0 0 0 0 0 0 0 0 0 0 0 0 0.0106204 0.00931674 0.510068 0 0 0 0 0 0 0 0 0 -0.988244 -0.0329088 0 0 11.2076 19.4472 19.017 0.955336 4.23233 
0.13603 20 20 20 0 0 0.523378 0 0 0 20 0 0 0 0 67.8 67.8 67.8 0 0 0 0 0 0 2.41529 0 0 0 0 51.9999 51.9999 51.9999 0 0 0 0 0 0 0 0 0 0 0 0 0 0.0106204 0.00931674 0.509697 0 0 0 0 0 0 0 0 0 -0.988244 -0.0329088 0 0 11.2076 19.4472 19.017 0.955336 4.23233 
0.13667 20 20 20 0 0 0.523378 0 0 0 20 0 0 0 0 67.8 67.8 67.8 0 0 0 0 0 0 2.41529 0 0 0 0 51.9999 51.9999 51.9999 0 0 0 0 0 0 0 0 0 0 0 0 0 0.0106204 0.00931674 0.509692 0 0 0 0 0 0 0 0 0 -0.988244 -0.0329088 0 0 11.2076 19.4472 19.017 0.955336 4.23233 
0.18603 20 20 20 0 0 0.523378 0 0 0 20 0 0 0 0 67.8 67.8 67.8 0 0 0 0 0 0 2.41529 0 0 0 0 51.9999 51.9999 51.9999 0 0 0 0 0 0 0 0 0 0 0 0 0 0.0106204 0.00931674 0.509425 0 0 0 0 0 0 0 0 0 -0.988244 -0.0329088 0 0 11.2076 19.4472 19.017 0.955336 4.23233 
0.18667 20 20 20 0 0 0.523378 0 0 0 20 0 0 0 0 67.8 67.8 67.8 0 0 0 0 0 0 2.41529 0 0 0 0 51.9999 51.9999 51.9999 0 0 0 0 0 0 0 0 0 0 0 0 0 0.0106204 0.00931674 0.50942 0 0 0 0 0 0 0 0 0 -0.988244 -0.0329088 0 0 11.2076 19.4472 19.017 0.955336 4.23233 
