v ATHENA
# silvaco.file ASCII version=1.14.6 format=1 contents=SDB,Coord2D

Copyright "###################################################################"
Copyright "#               Copyright Silvaco International (c)               #"
Copyright "#                            1992-2008                            #"
Copyright "#                                                                 #"
Copyright "# This file format and the following Key are copyright Silvaco    #"
Copyright "# International. You may not use, this format or key without      #"
Copyright "# reproducing this message in full and obtaining                  #"
Copyright "# express written permission from Silvaco International.          #"
Copyright "#                                                                 #"
Copyright "# To obtain such permission please contact: Silvaco International #"
Copyright "#                                           support@silvaco.com   #"
Copyright "#                                                                 #"
Copyright "# KEY=SVC86hn7562asdx                       PROD=345              #"
Copyright "###################################################################"
#ATHENA version 5.20.0.R
#libSDB 1.12.10 (Fri Jan 27 00:37:26 PST 2012)
j 15 4 3 10 9 5 703 704 705 706 711 712 2 700 1 12
k 71 94 46 4 96 0 1 -0.099999999999999992 0.5 0 0 1 0 2 0
c 1 0 -0.099999999999999992 0
c 2 0.1 -0.099999999999999992 0
c 3 0.9 -0.099999999999999992 0
c 4 1 -0.099999999999999992 0
c 5 0 -0.074999999999999997 0
c 6 0.1 -0.074999999999999997 0
c 7 0.9 -0.074999999999999997 0
c 8 1 -0.074999999999999997 0
c 9 0 -0.049999999999999996 0
c 10 0.1 -0.049999999999999996 0
c 11 0.9 -0.049999999999999996 0
c 12 1 -0.049999999999999996 0
c 13 0 -0.024999999999999998 0
c 14 0.1 -0.024999999999999998 0
c 15 0.9 -0.024999999999999998 0
c 16 1 -0.024999999999999998 0
c 17 0 0 0
c 18 0.1 0 0
c 19 0.2 0 0
c 20 0.3000000000000001 0 0
c 21 0.4 0 0
c 22 0.5 0 0
c 23 0.6 0 0
c 24 0.7 0 0
c 25 0.8 0 0
c 26 0.9 0 0
c 27 1 0 0
c 28 0 0.061538461538461549 0
c 29 0.1 0.061538461538461549 0
c 30 0.2 0.061538461538461549 0
c 31 0.3000000000000001 0.061538461538461549 0
c 32 0.4 0.061538461538461549 0
c 33 0.5 0.061538461538461549 0
c 34 0.6 0.061538461538461549 0
c 35 0.7 0.061538461538461549 0
c 36 0.8 0.061538461538461549 0
c 37 0.9 0.061538461538461549 0
c 38 1 0.061538461538461549 0
c 39 0 0.15384615384615391 0
c 40 0.1 0.15384615384615391 0
c 41 0.2 0.15384615384615391 0
c 42 0.3000000000000001 0.15384615384615391 0
c 43 0.4 0.15384615384615391 0
c 44 0.5 0.15384615384615391 0
c 45 0.6 0.15384615384615391 0
c 46 0.7 0.15384615384615391 0
c 47 0.8 0.15384615384615391 0
c 48 0.9 0.15384615384615391 0
c 49 1 0.15384615384615391 0
c 50 0 0.29230769230769232 0
c 51 0.1 0.29230769230769232 0
c 52 0.2 0.29230769230769232 0
c 53 0.3000000000000001 0.29230769230769232 0
c 54 0.4 0.29230769230769232 0
c 55 0.5 0.29230769230769232 0
c 56 0.6 0.29230769230769232 0
c 57 0.7 0.29230769230769232 0
c 58 0.8 0.29230769230769232 0
c 59 0.9 0.29230769230769232 0
c 60 1 0.29230769230769232 0
c 61 0 0.5 0
c 62 0.1 0.5 0
c 63 0.2 0.5 0
c 64 0.3000000000000001 0.5 0
c 65 0.4 0.5 0
c 66 0.5 0.5 0
c 67 0.6 0.5 0
c 68 0.7 0.5 0
c 69 0.8 0.5 0
c 70 0.9 0.5 0
c 71 1 0.5 0
l 0
l 0
l 2
e 1 7 3 2
e 2 4 3 2
e 3 8 4 0
e 4 11 7 2
e 5 12 8 0
e 6 15 11 2
e 7 16 12 0
e 8 26 15 2
e 9 27 26 0
e 10 27 16 0
e 11 66 67 0
e 12 22 23 2
e 13 68 67 0
e 14 24 23 2
e 15 69 68 0
e 16 25 24 2
e 17 70 69 0
e 18 26 25 2
e 19 71 70 0
e 20 60 71 0
e 21 49 60 0
e 22 38 49 0
e 23 27 38 0
e 24 6 2 2
e 25 1 2 2
e 26 5 1 0
e 27 10 6 2
e 28 9 5 0
e 29 14 10 2
e 30 13 9 0
e 31 18 14 2
e 32 17 18 0
e 33 17 13 0
e 34 65 66 0
e 35 21 22 2
e 36 64 65 0
e 37 20 21 2
e 38 63 64 0
e 39 19 20 2
e 40 62 63 0
e 41 18 19 2
e 42 61 62 0
e 43 50 61 0
e 44 39 50 0
e 45 28 39 0
e 46 17 28 0
t 1 1 17 18 28 2 -1024 42
t 2 1 28 18 29 9 3 1
t 3 1 28 29 39 4 -1024 2
t 4 1 39 29 40 11 5 3
t 5 1 39 40 50 6 -1024 4
t 6 1 50 40 51 13 7 5
t 7 1 50 51 61 8 -1024 6
t 8 1 61 51 62 15 -1024 7
t 9 1 18 19 29 10 2 -1022
t 10 1 29 19 30 17 11 9
t 11 1 29 30 40 12 4 10
t 12 1 40 30 41 19 13 11
t 13 1 40 41 51 14 6 12
t 14 1 51 41 52 21 15 13
t 15 1 51 52 62 16 8 14
t 16 1 62 52 63 23 -1024 15
t 17 1 19 20 30 18 10 -1022
t 18 1 30 20 31 25 19 17
t 19 1 30 31 41 20 12 18
t 20 1 41 31 42 27 21 19
t 21 1 41 42 52 22 14 20
t 22 1 52 42 53 29 23 21
t 23 1 52 53 63 24 16 22
t 24 1 63 53 64 31 -1024 23
t 25 1 20 21 31 26 18 -1022
t 26 1 31 21 32 33 27 25
t 27 1 31 32 42 28 20 26
t 28 1 42 32 43 35 29 27
t 29 1 42 43 53 30 22 28
t 30 1 53 43 54 37 31 29
t 31 1 53 54 64 32 24 30
t 32 1 64 54 65 39 -1024 31
t 33 1 21 22 32 34 26 -1022
t 34 1 32 22 33 82 35 33
t 35 1 32 33 43 36 28 34
t 36 1 43 33 44 84 37 35
t 37 1 43 44 54 38 30 36
t 38 1 54 44 55 86 39 37
t 39 1 54 55 65 40 32 38
t 40 1 65 55 66 88 -1024 39
t 41 2 17 13 14 44 42 -1024
t 42 2 17 14 18 -1022 1 41
t 43 2 13 9 10 46 44 -1024
t 44 2 13 10 14 -1022 41 43
t 45 2 9 5 6 48 46 -1024
t 46 2 9 6 10 -1022 43 45
t 47 2 5 1 2 -1022 48 -1024
t 48 2 5 2 6 -1022 45 47
t 49 1 27 38 26 50 90 -1024
t 50 1 38 37 26 57 49 51
t 51 1 38 49 37 52 50 -1024
t 52 1 49 48 37 59 51 53
t 53 1 49 60 48 54 52 -1024
t 54 1 60 59 48 61 53 55
t 55 1 60 71 59 56 54 -1024
t 56 1 71 70 59 63 55 -1024
t 57 1 26 37 25 58 -1022 50
t 58 1 37 36 25 65 57 59
t 59 1 37 48 36 60 58 52
t 60 1 48 47 36 67 59 61
t 61 1 48 59 47 62 60 54
t 62 1 59 58 47 69 61 63
t 63 1 59 70 58 64 62 56
t 64 1 70 69 58 71 63 -1024
t 65 1 25 36 24 66 -1022 58
t 66 1 36 35 24 73 65 67
t 67 1 36 47 35 68 66 60
t 68 1 47 46 35 75 67 69
t 69 1 47 58 46 70 68 62
t 70 1 58 57 46 77 69 71
t 71 1 58 69 57 72 70 64
t 72 1 69 68 57 79 71 -1024
t 73 1 24 35 23 74 -1022 66
t 74 1 35 34 23 81 73 75
t 75 1 35 46 34 76 74 68
t 76 1 46 45 34 83 75 77
t 77 1 46 57 45 78 76 70
t 78 1 57 56 45 85 77 79
t 79 1 57 68 56 80 78 72
t 80 1 68 67 56 87 79 -1024
t 81 1 23 34 22 82 -1022 74
t 82 1 34 33 22 34 81 83
t 83 1 34 45 33 84 82 76
t 84 1 45 44 33 36 83 85
t 85 1 45 56 44 86 84 78
t 86 1 56 55 44 38 85 87
t 87 1 56 67 55 88 86 80
t 88 1 67 66 55 40 87 -1024
t 89 3 27 15 16 92 -1024 90
t 90 3 27 26 15 -1022 89 49
t 91 3 16 11 12 94 -1024 92
t 92 3 16 15 11 -1022 91 89
t 93 3 12 7 8 96 -1024 94
t 94 3 12 11 7 -1022 93 91
t 95 3 8 3 4 -1022 -1024 96
t 96 3 8 7 3 -1022 95 93
r 1 3
b 9
b 11
b 12
b 13
b 14
b 15
b 16
b 17
b 18
b 19
b 20
b 21
b 22
b 23
b 32
b 34
b 35
b 36
b 37
b 38
b 39
b 40
b 41
b 42
b 43
b 44
b 45
b 46
r 2 6
x 3 43 42 46
w anode 1 1
b 24
b 25
b 26
b 27
b 28
b 29
b 30
b 31
b 32
b 33
r 3 6
b 1
b 2
b 3
b 4
b 5
b 6
b 7
b 8
b 9
b 10
r 4 6
x 3 43 42 46
w cathode 2 2
b 11
b 13
b 15
b 17
b 19
b 34
b 36
b 38
b 40
b 42
Q 3 21 Silicon 30 1 31 2.3300000000000001 32 1 33 14 34 28.086
Q 6 21 Aluminum 30 1 31 2.702 32 1 33 13 34 26.98
Q 10000 1 UNUM 2 2 3 Integer
Q 10001 1 ULOC201 2 0 3 Double
Q 10002 1 ULOC202 2 0.5 3 Double
H 3 UNUM ULOC201 ULOC202
I 2 0 0.5
J Integer Double Double
EOF 2038693080
